100
30 66
3 13
11 85
7 29
80 45
98 75
17 60
56 88
78 98
44 56
74 28
30 75
18 25
32 12
97 73
31 82
33 90
21 81
81 21
2 10
22 61
94 41
65 10
48 19
62 43
37 32
84 89
43 91
75 30
90 79
8 86
8 5
3 52
88 10
70 46
5 8
87 53
78 29
76 43
1 87
61 93
57 15
75 67
2 4
35 38
71 12
88 11
49 63
50 3
49 40
14 28
20 10
38 51
22 79
95 4
57 90
27 52
43 9
81 74
76 29
85 86
89 40
98 31
61 40
65 53
49 30
15 49
20 91
57 7
96 26
31 79
27 38
30 9
53 6
11 72
45 57
48 4
4 89
2 98
50 3
40 10
5 67
93 21
20 5
28 42
88 89
72 4
35 100
31 81
88 30
42 56
75 42
16 65
85 34
57 65
76 78
23 4
6 96
71 58
90 72
