100
10 57
80 57
6 89
21 46
59 98
24 25
43 42
55 42
65 91
70 27
21 44
72 57
83 73
50 94
71 20
89 32
67 14
85 83
31 64
58 49
19 11
36 67
50 85
54 27
4 27
82 93
75 2
23 49
4 86
72 34
59 55
52 10
13 62
16 70
36 38
97 55
41 64
75 74
57 9
7 17
62 33
86 34
63 73
48 29
78 24
56 60
49 71
12 22
26 21
11 57
77 10
48 25
6 45
36 75
66 48
81 39
61 51
26 30
88 3
28 80
76 63
65 10
26 3
44 36
10 69
55 16
52 43
97 60
59 56
84 30
55 26
56 15
98 11
45 9
61 11
42 36
93 60
74 5
31 83
62 8
12 71
38 5
82 9
33 23
20 53
68 45
55 34
35 50
9 5
18 80
78 17
56 87
78 2
78 61
55 63
54 39
44 63
23 12
24 60
7 39
