100
8 92
52 69
58 50
29 45
76 25
42 32
69 6
32 44
17 67
33 33
41 19
75 53
58 39
9 42
66 43
79 74
96 46
82 90
15 74
55 55
50 98
11 69
64 65
5 94
77 93
85 4
77 29
51 17
37 87
45 99
68 47
60 14
71 7
96 10
9 99
59 0
48 69
13 78
2 51
97 54
69 42
56 25
50 36
93 5
14 23
91 93
92 53
80 71
18 37
93 66
10 43
61 6
77 3
24 3
43 40
88 56
28 89
17 97
8 50
2 9
44 8
97 35
22 46
80 33
83 0
84 87
78 38
21 88
59 88
95 67
27 60
49 22
13 68
97 25
67 76
54 54
31 62
3 9
97 72
67 8
49 11
50 72
72 40
52 4
93 28
22 94
90 49
79 47
67 32
65 53
70 37
28 14
59 39
70 15
23 51
10 19
36 37
36 94
37 37
75 89
