100
82 93
73 44
67 64
19 83
11 22
50 49
21 87
69 22
16 99
100 39
65 71
12 55
42 3
17 78
64 65
93 19
28 62
8 56
10 1
78 82
99 41
38 78
81 10
50 50
70 92
64 7
50 71
21 40
87 48
75 78
68 67
6 5
50 20
4 82
59 87
61 86
77 91
30 71
54 84
90 70
39 11
6 11
63 68
39 62
82 45
7 44
93 67
57 100
2 27
85 28
69 82
92 8
87 63
50 60
52 79
26 86
43 6
66 17
100 27
27 33
89 77
68 11
80 5
49 68
25 18
49 68
16 51
8 13
26 99
95 20
88 51
26 19
99 15
47 99
32 17
49 55
30 55
49 94
52 65
44 3
7 16
83 24
61 71
24 36
84 83
88 92
58 33
93 87
96 48
51 40
19 83
27 4
45 54
71 2
34 18
17 17
25 20
20 29
9 7
64 32
