100
3 81
25 46
42 89
11 87
33 72
18 30
24 32
80 67
91 42
73 62
66 24
72 98
75 33
54 18
75 99
26 91
55 64
39 48
14 84
23 74
26 100
71 18
69 23
91 61
75 65
16 98
82 72
14 76
85 5
40 92
88 66
53 85
67 93
51 30
29 54
50 33
11 31
24 94
90 9
81 27
2 96
54 21
5 44
71 45
16 17
94 77
90 22
66 72
23 89
75 5
17 52
49 77
23 16
96 54
69 75
51 78
32 51
38 70
42 47
83 24
9 91
84 94
60 56
38 85
15 81
12 95
67 82
38 28
40 27
61 22
20 21
60 58
72 85
94 73
23 75
37 1
34 46
77 5
96 70
99 21
54 69
8 11
13 90
70 85
100 7
92 88
10 54
42 5
30 30
47 64
62 1
44 86
52 65
97 92
66 43
52 99
64 5
75 47
76 58
96 29
