100
50 36
27 43
92 65
75 89
55 0
38 5
87 84
58 52
3 52
83 14
85 6
20 28
33 61
52 20
74 26
7 98
63 50
35 48
75 30
36 43
35 64
88 97
88 22
14 84
83 21
30 59
94 85
46 51
70 50
96 53
26 13
82 6
87 80
30 66
22 11
19 86
61 16
52 60
97 37
5 91
11 28
29 81
1 81
31 45
95 46
32 4
46 91
19 47
27 61
71 45
56 27
70 17
96 51
43 70
65 60
37 94
9 26
21 25
66 63
4 93
67 48
88 87
23 13
92 13
56 37
99 11
27 70
94 59
60 79
19 51
14 46
15 90
78 48
42 6
18 95
67 22
64 8
88 19
72 18
42 89
68 0
75 23
41 7
28 83
46 13
91 23
65 41
62 95
82 12
32 69
4 74
97 16
13 91
96 83
7 82
80 13
87 26
29 56
72 1
70 58
